[0.8371, 0.8088, 0.8424, 0.8247]
[0.8217, 0.8404, 0.8215, 0.8307]
[0.8073, 0.7687, 0.8483, 0.8056]
[0.8207, 0.8024, 0.8234, 0.8123]
[0.8391, 0.8487, 0.8177, 0.8327]
[0.8466, 0.8808, 0.8376, 0.8584]
[0.8359, 0.8337, 0.8504, 0.8414]
[0.8575, 0.8306, 0.8719, 0.8507]
[0.939, 0.914, 0.955, 0.9339]
[0.9466, 0.9309, 0.9666, 0.9484]
[0.9343, 0.8984, 0.9742, 0.934]
[0.9503, 0.9429, 0.9549, 0.9488]
[0.7917, 0.7652, 0.7921, 0.7757]
[0.7626, 0.7787, 0.7713, 0.7723]
[0.7436, 0.7176, 0.7946, 0.7172]
[0.7586, 0.6784, 0.7984, 0.729]
[0.8216, 0.7839, 0.8298, 0.8057]
[0.8296, 0.8501, 0.8333, 0.8401]
[0.8041, 0.8185, 0.8122, 0.8131]
[0.8139, 0.7996, 0.8213, 0.8069]
[0.8626, 0.8062, 0.9018, 0.846]
[0.8743, 0.8873, 0.8803, 0.8806]
[0.6737, 0.3913, 0.9721, 0.5311]
[0.8945, 0.8599, 0.9203, 0.8883]
[0.5812, 0.1526, 0.5643, 0.2396]
[0.5613, 0.1862, 0.8689, 0.3058]
[0.479, 0.0008, 0.3667, 0.0015]
[0.6252, 0.3725, 0.7186, 0.4902]
[0.6573, 0.4562, 0.7169, 0.5569]
[0.6109, 0.4967, 0.6791, 0.5732]
[0.5294, 0.5208, 0.4916, 0.4753]
[0.6301, 0.5685, 0.543, 0.5121]
[0.5327, 0.0166, 0.5866, 0.0321]
[0.6787, 0.5042, 0.8157, 0.6228]
[0.4897, 0.0392, 0.7187, 0.0739]
[0.545, 0.0736, 0.9447, 0.1362]
[0.8358, 0.8272, 0.8272, 0.8268]
[0.856, 0.8474, 0.8574, 0.8519]
[0.8173, 0.8144, 0.8335, 0.8227]
[0.8155, 0.804, 0.8136, 0.8084]
[0.8419, 0.8231, 0.8394, 0.8309]
[0.8503, 0.8687, 0.851, 0.8595]
[0.8406, 0.8385, 0.855, 0.8459]
[0.856, 0.8474, 0.8574, 0.8519]
[0.9439, 0.9355, 0.9454, 0.9404]
[0.9505, 0.9516, 0.9545, 0.953]
[0.962, 0.9642, 0.9632, 0.9636]
[0.9566, 0.959, 0.9527, 0.9558]
[0.7967, 0.7907, 0.783, 0.7865]
[0.7747, 0.8365, 0.7583, 0.794]
[0.7702, 0.829, 0.757, 0.7893]
[0.7665, 0.7072, 0.7916, 0.7445]
[0.8257, 0.8035, 0.8238, 0.8129]
[0.8478, 0.8724, 0.8456, 0.858]
[0.8117, 0.8389, 0.8101, 0.8229]
[0.8265, 0.8066, 0.8359, 0.8195]
[0.903, 0.908, 0.8899, 0.8981]
[0.9052, 0.949, 0.8809, 0.9136]
[0.8771, 0.8767, 0.8871, 0.8808]
[0.9017, 0.9004, 0.899, 0.8996]
[0.6874, 0.5692, 0.713, 0.6329]
[0.7117, 0.7829, 0.6995, 0.7387]
[0.5873, 0.5341, 0.6218, 0.5742]
[0.6433, 0.5046, 0.677, 0.578]
[0.6967, 0.6059, 0.7108, 0.6532]
[0.7101, 0.8403, 0.6831, 0.7534]
[0.5441, 0.6146, 0.56, 0.5758]
[0.6321, 0.427, 0.7043, 0.5313]
[0.7647, 0.7191, 0.7679, 0.7425]
[0.8139, 0.8624, 0.8006, 0.8302]
[0.6923, 0.783, 0.678, 0.7266]
[0.737, 0.7117, 0.7404, 0.7256]
