[0.6475, 0.5535, 0.6573, 0.5992]
[0.6721, 0.6671, 0.6927, 0.6786]
[0.6122, 0.6376, 0.6344, 0.6234]
[0.6375, 0.506, 0.6659, 0.574]
[0.7277, 0.6903, 0.7262, 0.7074]
[0.7226, 0.7537, 0.7257, 0.7383]
[0.6892, 0.6414, 0.7363, 0.6781]
[0.7048, 0.6206, 0.7306, 0.6702]
[0.7848, 0.7695, 0.777, 0.7727]
[0.7678, 0.769, 0.7825, 0.7749]
[0.7589, 0.7522, 0.7796, 0.7623]
[0.7648, 0.7305, 0.7731, 0.7504]
[0.8371, 0.8088, 0.8424, 0.8247]
[0.8217, 0.8404, 0.8215, 0.8307]
[0.8073, 0.7687, 0.8483, 0.8056]
[0.8207, 0.8024, 0.8234, 0.8123]
[0.6699, 0.6609, 0.653, 0.6562]
[0.6909, 0.6877, 0.7094, 0.6981]
[0.6266, 0.6566, 0.6383, 0.6457]
[0.6665, 0.6049, 0.6748, 0.637]
[0.7421, 0.7327, 0.728, 0.73]
[0.7389, 0.768, 0.7407, 0.754]
[0.724, 0.7173, 0.7452, 0.7301]
[0.742, 0.6963, 0.756, 0.724]
[0.8037, 0.8114, 0.7827, 0.7966]
[0.7975, 0.8305, 0.7933, 0.8113]
[0.7724, 0.756, 0.7985, 0.7757]
[0.8202, 0.8002, 0.8262, 0.8127]
[0.8391, 0.8487, 0.8177, 0.8327]
[0.8466, 0.8808, 0.8376, 0.8584]
[0.8359, 0.8337, 0.8504, 0.8414]
[0.8575, 0.8306, 0.8719, 0.8507]
[0.7692, 0.7312, 0.7737, 0.7517]
[0.8162, 0.7768, 0.8567, 0.8143]
[0.74, 0.7314, 0.7644, 0.7436]
[0.7667, 0.7154, 0.7856, 0.7479]
[0.8541, 0.824, 0.8633, 0.843]
[0.8708, 0.8387, 0.9069, 0.871]
[0.8479, 0.8446, 0.8621, 0.8525]
[0.8529, 0.7997, 0.8879, 0.841]
[0.9094, 0.8787, 0.9265, 0.9019]
[0.9209, 0.9093, 0.9379, 0.9233]
[0.8935, 0.8412, 0.9493, 0.8918]
[0.9103, 0.8665, 0.9455, 0.9038]
[0.939, 0.914, 0.955, 0.9339]
[0.9466, 0.9309, 0.9666, 0.9484]
[0.9343, 0.8984, 0.9742, 0.934]
[0.9503, 0.9429, 0.9549, 0.9488]